114 ANHANG.

0. 10, 1. cml-⁰, 12. 0. 14, 9. 0. 14, 13. 0. 17, 10. c. 18, 5. c. 21, 5.
26, 0. 26, 7. c. 28, 1. 0. 37, 16. 0. 40, ’11. 0. 42, ’6. C. 43,14.
21, 5',1. 0. 35, 10. 0. 5’7, 5. 22, 5, 3. 0. 12, 5. 0.17, 6. c. 18, 1.
(2-7024204111120522053105660592
0619’31410151001740191037924811
718120201102150238029303070423
0. 45’, 13, 25, 9, 2. c. 11, 14 11.20.0.15,17 u. 20. 0.16, 13.
0.19,3. 0,2Ο,4, 0.27, 12. 0349u 13 036 lu 10 c.37,8.
26,5',17.0.,71 0121117.0.,16711.9.0.,.1810”0.,264.
ο.27, ’.9 e. 36, 8 e.44, 10 c.48, 11 c.49,’7. 27,1,3u.8. c.2‚2. 061.
0. 11’, 9. 0. 12, 8. 0. 17, 6. 0. 18, 13. 0. 27, 1 u. 14. 0. 33, 9 u. 11.
0. 39, 6 u. 10. c. 46, 3. 28, 2, 7. 0. 2, 16. c. 34, 9. 0. 35, 6. c. 36, 6.
0. 37, 6. 0. 38, 7. 29, 2, 7. 0. 21, 1. 23, δ. 24, 4. 0. 26, 1.
0.;.7,.10 c.29,..5u8 0.,366. 30,5ῗ”..δυ8 0.26,.2 0.27,2.
0298 0313117 034903811 311809) 0267
241364611324201416176 02510334.
:‚33 5, 4. 0. 9, 9. 0. 10 5. 0. 18, 14. 0. 23, 6. 0. 31, 10. 0. 46, 7.
34: 1,' 7. c. 5, 12. c. 10, 5. e. 22, 13. c. 31, 11. c. 34, 2. c. 61, 10.
35, 6, 2. c. 10, 5. c. 20, 14. c. 23, 1. c. 31, 10. c. 44, 4. 36, 2, 13.
c. 12, 7. 0. 19, 3. 0. 20, 2. 0. 27, 1. 0. 32, 6. 0. 34, 3 u, 7. 0. 44, 4.
37, 1, 3. c. 23, 2. c. 30, 7. c. 42, 1. c. 43, 9. 0. 54. 6. c. 58, 8.
c. 60, 2. 38, 3, 5. e. 6, 6. e. 27, 4. c. 28, 8. e. 32, 9. e. 55, 4.
39, 18, 1. c. 47, 7. 40, 4, 11. c. 5, 3. c. 6, 6. c.. 25, 8. c. 32, 3.
C. 40, 12. C. 55, 2. 41, 15, 10. 0.. 19, 9. 0. 22, l. 0. 23, 3. 0. 25, 7.
42, 14, 1 u. 2 u. 4. 26, 9. c. 50, 4. 0. 66, 6. 43, 8, 2. 0. 10, 5.
<2152 0189 4433 6147 ‹319263062421-
45, 6, 1. 0. 17, 7. e. 28, 9. 0. 42, 10. —
0070777777 in der Mitte. und als K0r1e1at·1.24,3.1,30,9 et -- qni-

dem, ceterum. 3, 71, 6 1c1112-etustate — oblzttera'tam. cotenon. 4. 41, 1.
0. 43, 2. 5, 18, 1. 0. 47, 8. 8, 8, 16. 9, 13, 9 omnia Romanis sup—
peditabantur, ceterum adeo exe'yue, ut. 0. 21, 1 77077 consulibus - cete·
7·77777 dictatori. 0. 26, 21 multiplicatis honoribus - ceterum invisus.

0. 31, 15. 0. 45, 5 veteres hostes, ceterum per multos 77777703 quietos. 0. 46, 1.
10, 35, 4 minus clades, ceterum 77077 plus animorum. 10,41, 1 atrox,
ceterum. 21, 14, 3. 22, 2, 2 107797778, cerepum commodius it’er. 0. 46, 4.
e. 50,-2. 23, 2,2u. 6 '24‚49‚ 1 25 27, 1. c. 40, 2. 26, 39, 3.
28, 11, 7. e. 42, 5. 30, 11, 5. ’38, 21, 4. 39, 15, 6 u. 10. 42, 14, 9.
43, 20 2.

Zx’l 2, 14: 2, 26, 6 debellatum est. 0. 31, 2. 3, 70, 11. 4, 58, 9
debellatum esse. 7, 28, 3 debellatum est. 8, 10, 3 debellatum iam rati.
0, 11, 11 debellatum est. 0. 23, 12 quoad debellatum -— esset. 0. 36, 3
debellare· — potuisse. 9, 4,2 debellatum esse. 22, 12, 4. 0. 14, 14. 0. 34, 4.
c. 41, 3. 23, 13, 6. c. 33, 11. c. 40, 6. 25,35, 1. 26, 21, 4. c.37,8‚
0. 40, 18. 27,2’5, 14. 28, 16, 15. c. 24, 7. 0. 38, 10. 29, 32, 3.
30110 081 31223 0383071811 32,28,6’ἀεὸεῖ·
lar'e. 33,1911. e.20‚10. 3'4„.174 c.,43 3. 36,'8,.3 e.39,7. 37,14,7·
38,23,3. 39„.496 40,5(’),5. 41‚18,.5 c.,265. 42,59,7. 44,
46, 3. 45, 10, 2. Aktiv: 9, 16, 1 zm’o 8007777770 yvoelz'o debella’vit (077777
Frentanis). 31, 38, 8 sedentem Romanum debellaturum credi poterat.
35, 35, 7 aciem — debellaturum. 38, 12, 3 quod 077777 Antiocho 77770
proelio debellassent. 44, 39, 9.

Zu 0. 3, 4. Substantivierte Neutra im Singular, abh‘tingig von
Prapositionen und ohne Bekleidung:

a} nach der 2. Deklination:

ab: 1, 28, 2 ab eoetremo. 21, 11, 8 ab imo. 24, 34, 9 ab 77770 (7ιέ
summum. 30, 10, 10 ab alto. 0. 24, 9 ab alto. 26, 42, 8. 37, 23, 7.

ad: 1, 33, 5 (αἱ ultimum. 1, 53, 10 77ίῖ ultimum u. 0. 54, 2. 2, 6, 1

